Object: Cube
0.629980 0.000000 0.000000 0.000000
0.000000 0.095503 0.000000 -2.343529
0.000000 0.000000 1.000000 0.000000
0.000000 0.000000 0.000000 1.000000

Object: Cube.001
0.629980 0.000000 0.000000 -0.000000
0.000000 0.095503 0.000000 -1.388495
0.000000 0.000000 1.000000 0.000000
0.000000 0.000000 0.000000 1.000000

Object: Cube.002
0.629980 0.000000 0.000000 -0.000000
0.000000 0.095503 0.000000 -0.433461
0.000000 0.000000 1.000000 0.000000
0.000000 0.000000 0.000000 1.000000

Object: Cube.003
0.629980 0.000000 0.000000 -0.000000
0.000000 0.095503 0.000000 0.521573
0.000000 0.000000 1.000000 0.000000
0.000000 0.000000 0.000000 1.000000

Object: Cube.004
0.629980 0.000000 0.000000 -0.000000
0.000000 0.095503 0.000000 1.476607
0.000000 0.000000 1.000000 0.000000
0.000000 0.000000 0.000000 1.000000

Object: Cube.005
0.629980 -0.000000 -0.000000 -0.000000
-0.000000 0.094809 -0.120352 2.431641
0.000000 0.011494 0.992731 0.021602
0.000000 0.000000 0.000000 1.000000

